400
402
404
406
409
411
413
415
417
420
422
424
426
429
431
433
435
437
440
442
444
446
449
451
453
455
457
460
462
464
466
468
471
473
475
477
480
482
484
486
488
491
493
495
497
500
502
504
506
508
511
513
515
517
520
522
524
526
528
531
533
535
537
540
542
544
546
548
551
553
555
557
559
562
564
566
568
571
573
575
577
579
582
584
586
588
591
593
595
597
599
602
604
606
608
611
613
615
617
619
622
624
626
628
630
633
635
637
639
642
644
646
648
650
653
655
657
659
662
664
666
668
670
673
675
677
679
682
684
686
688
690
693
695
697
699
702
704
706
708
710
713
715
717
719
721
724
726
728
730
733
735
737
739
741
744
746
748
750
753
755
757
759
761
764
766
768
770
773
775
777
779
781
784
786
788
790
792
795
797
799
801
804
806
808
810
812
815
817
819
821
824
826
828
830
832
835
837
839
841
844
846
848
850
852
855
857
859
861
863
866
868
870
872
875
877
879
881
883
886
888
890
892
895
897
899
901
903
906
908
910
912
915
917
919
921
923
926
928
930
932
935
937
939
941
943
946
948
950
952
954
957
959
961
963
966
968
970
972
974
977
979
981
983
986
988
990
992
994
997
999
1001