400 
402 
404 
406 
408 
410 
412 
414 
416 
418 
420 
422 
424 
426 
428 
430 
432 
433 
435 
437 
439 
441 
443 
445 
447 
449 
451 
453 
455 
457 
459 
461 
463 
465 
467 
469 
471 
473 
475 
477 
479 
481 
483 
485 
487 
489 
491 
493 
495 
497 
499 
501 
503 
505 
507 
509 
511 
513 
515 
517 
519 
521 
523 
524 
526 
528 
530 
532 
534 
536 
538 
540 
542 
544 
546 
548 
550 
552 
554 
556 
558 
560 
562 
564 
566 
568 
570 
572 
574 
576 
578 
580 
582 
584 
586 
588 
590 
592 
594 
596 
598 
600 
602 
604 
606 
608 
610 
612 
614 
616 
617 
619 
621 
623 
625 
627 
629 
631 
633 
635 
637 
639 
641 
643 
645 
647 
649 
651 
653 
655 
657 
659 
661 
663 
665 
667 
669 
671 
673 
675 
677 
679 
681 
683 
685 
687 
689 
691 
693 
695 
697 
699 
701 
703 
705 
707 
709 
711 
712 
714 
716 
718 
720 
722 
724 
726 
728 
730 
732 
734 
736 
738 
740 
742 
744 
746 
748 
750 
752 
754 
756 
758 
760 
762 
764 
766 
768 
770 
772 
774 
776 
778 
780 
782 
784 
786 
788 
790 
792 
794 
796 
798 
800 
802 
804 
806 
808 
809 
811 
813 
815 
817 
819 
821 
823 
825 
827 
829 
831 
833 
835 
837 
839 
841 
843 
845 
847 
849 
851 
853 
855 
857 
859 
861 
863 
865 
867 
869 
871 
873 
875 
877 
879 
881 
883 
885 
887 
889 
891 
893 
895 
897 
899 
901 
903 
905 
906 
908 
910 
912 
914 
916 
918 
920 
922 
924 
926 
928 
930 
932 
934 
936 
938 
940 
942 
944 
946 
948 
950 
952 
954 
956 
958 
960 
962 
964 
966 
968 
970 
972 
974 
976 
978 
980 
982 
984 
986 
988 
990 
992 
994 
996 
998 