399
401
403
406
408
410
412
414
417
419
421
423
426
428
430
432
435
437
439
441
444
446
448
450
453
455
457
459
461
464
466
468
470
473
475
477
479
482
484
486
488
491
493
495
497
500
502
504
506
509
511
513
515
517
520
522
524
526
529
531
533
535
538
540
542
544
547
549
551
553
556
558
560
562
564
567
569
571
573
576
578
580
582
585
587
589
591
594
596
598
600
603
605
607
609
612
614
616
618
620
623
625
627
629
632
634
636
638
641
643
645
647
650
652
654
656
659
661
663
665
667
670
672
674
676
679
681
683
685
688
690
692
694
697
699
701
703
706
708
710
712
715
717
719
721
723
726
728
730
732
735
737
739
741
744
746
748
750
753
755
757
759
762
764
766
768
770
773
775
777
779
782
784
786
788
791
793
795
797
800
802
804
806
809
811
813
815
818
820
822
824
826
829
831
833
835
838
840
842
844
847
849
851
853
856
858
860
862
865
867
869
871
873
876
878
880
882
885
887
889
891
894
896
898
900
903
905
907
909
912
914
916
918
921
923
925
927
929
932
934
936
938
941
943
945
947
950
952
954
956
959
961
963
965
968
970
972
974
976
979
981
983
985
988
990
992
994
997
999
1001